-0.072602466 0.01567264 -0.027652506
-0.070926316 -0.002937111 -0.013157055
-0.06854811 -0.02159011 -0.012637285
-0.066138126 -0.03950361 -0.010615656
-0.060358312 -0.055896334 -0.0005184239
-0.051185824 -0.07034266 0.009743293
-0.03690446 -0.08092785 0.024136715
-0.018588945 -0.087314814 0.04277146
-0.00023860394 -0.08885228 0.048510235
0.018123118 -0.086817995 0.042765863
0.036777783 -0.080495425 0.024277356
0.050585072 -0.06959562 0.010852417
0.059641913 -0.055117857 0.0010563701
0.065074414 -0.03862314 -0.00801455
0.06775088 -0.020749032 -0.009197841
0.070154436 -0.002141157 -0.00971384
0.07242174 0.016370568 -0.0251662
-0.057262473 0.03473003 0.018363712
-0.048627503 0.042875197 0.030818209
-0.037680224 0.045365606 0.039259978
-0.027542075 0.04441761 0.04406185
-0.018698715 0.04206482 0.046446748
0.019206906 0.042507157 0.047707103
0.028161937 0.04491549 0.045311738
0.038229182 0.046091307 0.04034903
0.048981167 0.043887064 0.031492498
0.0574412 0.03594236 0.019163916
0.00034519364 0.024967501 0.05202078
0.0002924676 0.012741712 0.061752815
0.0004215639 0.0010959296 0.07193823
0.00031708577 -0.009373882 0.075797796
-0.012263846 -0.01880931 0.054399088
-0.006225404 -0.020662215 0.05805224
-2.78171e-05 -0.022499563 0.060418904
0.0061875735 -0.020731667 0.05839083
0.01209419 -0.018983096 0.054772504
-0.045480065 0.020556182 0.02743815
-0.036548577 0.026778061 0.036534242
-0.026696734 0.02629819 0.03740236
-0.017859705 0.020374222 0.034584485
-0.0261426 0.01739731 0.03619773
-0.035791323 0.016863875 0.03522279
0.01832006 0.020390328 0.035780817
0.02720618 0.026298745 0.038710564
0.03715355 0.02686653 0.03784731
0.045980662 0.020640092 0.02843341
0.036178898 0.016877979 0.036342733
0.026535677 0.017461553 0.03738096
-0.024081942 -0.04414237 0.046525087
-0.016127868 -0.03998272 0.05545923
-0.006045649 -0.037751857 0.060751222
0.00011496674 -0.038401928 0.061592247
0.0063342424 -0.037798773 0.0609853
0.016235508 -0.04006923 0.055772305
0.02397664 -0.044293996 0.046932735
0.016620014 -0.046994634 0.05439515
0.0067408076 -0.047818284 0.060662
-5.5870434e-05 -0.048092987 0.06127868
-0.0069088633 -0.047765147 0.060290456
-0.016965458 -0.046935678 0.0542474
-0.0235092 -0.04391326 0.046303082
-0.006226262 -0.044232097 0.055988066
0.00017383417 -0.044207625 0.05649452
0.0065838154 -0.044403262 0.056176275
0.02374674 -0.044226445 0.046913754
0.0067855003 -0.040947706 0.057723515
1.1032658e-05 -0.040674806 0.058352895
-0.006931556 -0.040956028 0.05752687
